====================================================
----------     cloud-retention-1s.txt     ----------
====================================================
MAX:  0.482036703537
0.531951890434
0.623853211009
0.921367701414
0.376146788991
0.531951890434
0.711625460442
0.531951890434
0.623853211009
0.58264706065
0.61543155344
0.181642108929
0.508491980204
1.0
0.711625460442
0.128440366972
0.128440366972
0.508491980204
0.871559633028
0.876422935491
0.0
0.646208558176
0.623853211009
0.894427191
0.272463163393
0.894427191
====================================================
----------     cloud-retention-3s.txt     ----------
====================================================
MAX:  0.503499671035
0.544560464742
0.335376926755
0.658742497671
0.335376926755
0.677229029869
0.658742497671
0.590915526062
0.122965266232
0.618662257594
0.596225647564
0.245930532464
0.589197201785
0.557810232257
0.0
0.597259864555
0.351329332091
0.895889796833
0.670753853509
0.28397611824
0.872135705114
0.28397611824
0.618662257594
1.0
0.597259864555
====================================================
----------     cloud-retention-5s.txt     ----------
====================================================
MAX:  0.573532262694
0.588849776299
0.543118955013
0.601437300997
0.702244335115
0.447089644968
0.447089644968
0.370757266559
0.447089644968
0.302722040499
0.588849776299
0.524329954715
0.523422023377
0.655185617832
0.524329954715
0.478065546946
0.642170422955
0.427372292469
0.658865617557
0.524329954715
0.56552863855
0.370757266559
0.524329954715
0.215900569589
0.294424888149
0.427372292469
0.294424888149
0.605444080998
0.730094332969
0.606908782834
1.0
0.703383564689
0.107950284794
0.302722040499
====================================================
----------     cloud-retention-10s.txt     ----------
====================================================
MAX:  0.518363367725
0.770700559754
0.65152046926
0.32576023463
0.824115450034
0.473677319353
0.580133867573
0.541815425103
0.671501477805
0.465472615297
0.580133867573
0.572302395857
0.807797542881
0.784237601888
0.473103313908
0.807797542881
0.0
0.572302395857
0.908612809918
0.699781244761
0.883529083526
1.0
0.809233283834
0.664259091994
0.472857098272
====================================================
----------     cloud-time-1s.txt     ----------
====================================================
MAX:  0.503840917931
0.618243243243
0.486486486486
0.508931145882
0.596855345851
0.508931145882
0.486486486486
0.670299557991
0.0
0.596855345851
0.472269859026
0.962837837838
0.588798143849
0.88433480418
0.710960044323
0.670299557991
0.596855345851
0.508931145882
0.643752637275
0.831081081081
0.618243243243
0.690856488783
1.0
0.473973362882
====================================================
----------     cloud-time-3s.txt     ----------
====================================================
MAX:  0.571562662379
0.650700820739
0.380625115996
0.309492230295
0.607530436408
0.644383337042
0.526136791502
0.609000185594
0.36630511607
0.732610232139
0.526136791502
0.749540887574
0.317229536052
0.448630312271
0.519034249086
0.309492230295
0.419910742811
0.290659179488
0.667474367037
0.0
0.519034249086
0.725257819888
1.0
0.732610232139
0.636155237808
0.153190838336
0.0
====================================================
----------     cloud-time-5s.txt     ----------
====================================================
MAX:  0.482567904898
0.645497224368
0.699848334627
0.867975637576
0.623166485533
0.665946825382
0.471400561787
0.645497224368
0.687315976691
0.613568985183
0.742301254826
0.128298982316
0.359785338172
0.90484355561
0.0
0.359785338172
0.531366328143
0.729508196721
0.911116890722
0.518406173798
1.0
0.366568520902
0.349924167314
0.645497224368
0.531366328143
0.988952290828
0.733774275337
0.44262295082
0.571423772391
====================================================
----------     cloud-time-10s.txt     ----------
====================================================
MAX:  0.458806694283
0.558885340821
0.857854967844
0.912655939821
0.819016144624
0.706940251149
0.780744408937
0.558885340821
1.0
0.654304789253
0.530135092488
0.912655939821
0.802746473191
0.722911489756
0.990565593221
0.912655939821
0.655439750712
0.7903832288
0.534515799649
0.939713260674
0.653895318231
====================================================
----------     list-retention-1s.txt     ----------
====================================================
MAX:  0.424546087519
0.291666666667
1.0
0.291666666667
0.603987042264
0.816496580928
0.763989892312
0.206239477846
0.0
0.795495128835
0.57735026919
0.0
0.603987042264
0.603987042264
0.857159391375
0.733715967095
0.416666666667
0.924278461614
0.57735026919
0.145833333333
0.397747564417
====================================================
----------     list-retention-3s.txt     ----------
====================================================
MAX:  0.612907143881
0.418367346939
0.664723671423
0.275510204082
0.0
0.624869832343
0.20203050891
0.483089000751
0.29160592176
0.346338015275
0.418367346939
0.508227463639
0.288615012729
0.20203050891
0.582272030126
0.698077240966
1.0
0.418367346939
0.459183673469
0.489795918367
====================================================
----------     list-retention-5s.txt     ----------
====================================================
MAX:  0.556199477422
0.824946940336
0.540669593434
0.504957807122
0.607200039368
0.577786526854
0.0
0.0
0.644032898061
0.382311135899
0.19280207181
0.498863927359
0.707641085524
0.752846185164
0.0
0.236133348643
0.560044113353
0.753070079945
0.560044113353
0.661661359418
1.0
0.811004390151
0.27828582015
0.341357354622
0.685911155583
====================================================
----------     list-retention-10s.txt     ----------
====================================================
MAX:  0.626607941716
0.339352950774
0.409219734757
0.22818396097
0.497115057827
0.479917545416
0.357275943639
0.435563821206
0.0
0.409219734757
0.628127375617
0.28230443848
0.538972333582
0.209600351948
0.405463983609
0.533787480125
0.668451765518
0.0988065534679
1.0
0.505264485004
0.285229951212
====================================================
----------     list-time-1s.txt     ----------
====================================================
MAX:  0.444133049535
0.0
0.760412549664
0.701357945567
0.57735026919
0.13940185528
0.0
0.746795653288
0.746795653288
0.677094725647
0.390920822119
0.0
0.677094725647
0.0
0.677094725647
0.57735026919
0.398291015087
0.886178861789
0.471404520791
0.398291015087
1.0
0.909431151115
0.278803710561
0.57735026919
0.57735026919
0.839541996049
0.489833181509
====================================================
----------     list-time-3s.txt     ----------
====================================================
MAX:  0.599687806142
0.524237161636
0.494691728321
0.457214590738
0.238427196036
0.56316693641
0.281583468205
0.782176300569
0.640360502775
0.494691728321
0.882224036158
0.294977155315
0.501461164036
1.0
0.579037476088
0.519430677079
0.468339135071
0.572013617071
0.0
0.508835592919
====================================================
----------     list-time-5s.txt     ----------
====================================================
MAX:  0.621295036094
0.271790634857
0.412719112191
0.533847224918
0.412719112191
0.484021483926
0.140928477333
0.614045508381
0.0
0.172601429847
0.342254873524
0.533847224918
0.350157480792
0.0996514819848
0.624158215038
0.0
0.412719112191
0.501366058128
0.583672965911
0.673967487975
0.394517553936
1.0
0.963463613815
0.693948461933
0.140928477333
0.0
0.754973985715
====================================================
----------     list-time-10s.txt     ----------
====================================================
MAX:  0.709342772936
0.123435617803
0.238054405763
0.361520509811
0.380300850407
0.496286500024
0.423941931601
0.0872821623885
0.423207832468
0.51122409399
0.452428203569
0.379185191029
0.238054405763
0.51122409399
0.590310736562
0.361490023566
0.361490023566
0.261846487165
0.554865175184
0.565114546587
0.489525976662
0.123435617803
0.590486293663
0.423941931601
0.249377606824
1.0
0.423207832468